1,2,3,4,5,6,7,8,9,10,11,12,13,14,15,16,17,18,19,20,21,22,23,24,25,26,27,28,29,30,31,32,33,34,35,36,37,38,39,40,41,42,43,44,45,46,47,48,49,50,51,52,53,54,55,56,57,58,59,60,61,62,63,64,65,66,67,68,69,70,71,72,73,74,75,76,77,78,79,80,81
0.0,137.931142241197,222.800359066139,443.284333131541,445.028089000966,457.109396097335,331.798131399238,98.8433103447449,375.170627848193,740.738145365583,621.773270573701,1223.93177914456,1199.78039657215,877.06898246359,674.04747607207,244.182308941466,125.399362039729,1131.51270430294,1105.63692051178,1187.4615783259,787.09592807968,273.016483018846,802.374600794724,560.508697523431,565.743758250992,525.023808983392,442.001131220023,700.092136792926,376.021275993767,655.690475758699,365.301245549313,501.606419416618,543.725114373287,220.00000000034,644.006987539511,664.648027153889,710.52234306854,860.912306800476,557.732014501468,1053.68164072501,445.486251190921,230.436542241708,740.354644747807,778.106033904743,500.444802151692,578.42631337126,589.9160957284,515.637469546214,395.682953891073,702.011395919178,684.795589939407,810.582506596327,294.164919730606,630.733699750107,416.773319683408,637.314678946145,923.37912040527,554.217466342977,464.569693372316,922.685211759126,877.852493303441,605.231360721326,753.299409266115,947.25339798802,184.00000000014,1072.96691468087,1052.47755320502,1020.48321887182,1110.92438986635,812.045201943688,659.800704758664,605.583726663723,881.512904046057,717.586231752045,810.811938738384,812.096669122376,884.299157525671,709.205893940296,1391.48625577146,526.510208828222,473.820641171148
137.931142241197,0.0,85.1645466143292,402.124358873919,316.551733528492,398.027637231741,241.960740617095,138.437711624622,237.326778935858,613.600847456994,487.99692621995,1199.88416107577,1178.06621206082,908.63909226933,708.655769749539,343.656805548845,258.193725717514,1115.15469778836,1085.37643239536,1173.29365463244,680.623978419755,138.452157802129,684.954013055488,507.764709289333,432.140023603667,519.466072038957,397.839163481922,685.409366728805,420.267771783812,656.933025506394,271.827150961793,380.265696586063,455.6928790321,199.040196945875,557.503363218556,574.198571924253,614.677964465873,754.690002584436,449.58870092576,1038.01734089632,335.900282822643,307.834371051056,764.885612363011,791.076481763473,531.119572225361,460.245586617061,610.953353374578,493.235237995224,291.290233272887,614.544546799293,647.723706529902,812.795792312155,232.490860035834,572.712842531774,286.923334708151,531.199585843706,827.010278050283,481.807015307798,462.276973253326,924.130402053358,871.165885465815,570.543600438097,707.393101465551,963.187416861465,247.679228035156,1161.12746931592,1137.38735706029,1104.62346525825,1182.65548660637,679.808509802477,525.81857137251,469.101534851575,751.201703938325,590.668265611186,691.51211124654,684.831366103877,762.46049078007,586.53729634161,1388.91936411062,484.037188654082,444.284818556328
222.800359066139,85.1645466143292,0.0,390.006410203268,237.928560706356,373.460841320858,205.002439009581,205.431253707616,152.41062955058,542.609435966524,410.290141241609,1201.80073223512,1181.60103249771,945.927058498918,749.999999999716,420.120220889454,343.139913154905,1122.49231623197,1090.50309490604,1181.57733559897,628.171950981542,69.8140387033963,622.788085949648,500.977045382144,355.012675830267,542.706182017243,401.876846807741,698.979971100613,473.159592527024,680.624713040363,245.717317257123,318.692641898173,423.595325754077,238.075618240003,523.737529684559,536.851003538155,572.113625078064,701.690815103739,399.696134582453,1046.4076643459,288.780193227269,378.355652793213,799.960624031121,819.295429011769,573.955573194572,400.216191577117,646.780488264666,507.166639281762,252.414341906808,578.802211468542,647.80012349573,834.469891608241,239.03347046023,560.204426973789,217.375251581257,481.300322044968,781.378909365284,461.390290318145,489.470121662653,944.019067603827,886.772236822817,574.098423618343,700.368474448471,991.159422091456,316.897459756635,1226.181878842,1200.94004846249,1167.92208644224,1239.44705413368,596.778861890774,447.667477040884,387.713360615843,669.182336885553,511.165335287812,616.70089995097,604.801620367754,685.685788098497,509.965685119635,1403.08588475615,467.222644999099,437.824165618415
443.284333131541,402.124358873919,390.006410203268,0.0,347.506834465383,59.4138031102302,196.359364431526,345.011594008395,427.162732456448,826.250567321687,673.023773725637,1591.73176132151,1571.34591990373,1307.06885817056,1105.31669669751,685.194862794319,543.955880563609,1511.35766779353,1479.92229525679,1570.17514946583,968.407455567735,446.870227247625,935.757447205745,890.88102460366,631.53543051882,921.303967210983,790.496046795624,1084.69811468384,810.237619467153,1058.95656190467,633.133477238032,659.310245635113,802.555917055503,601.029949337311,898.533249245346,907.092057069797,933.831355223829,1037.65938534806,757.032363905124,1434.87978590583,657.900448396618,673.083947216636,1164.92832397501,1193.00041911065,928.181016828607,736.088309919825,1011.23686641599,892.200089665878,632.292653761042,949.996315782752,1037.68685064463,1214.68720253396,625.411864294336,948.873015740741,553.780642492668,833.921459131859,1131.60505477862,847.637894385895,864.39111517875,1325.79221599698,1271.56045864851,963.348327450087,1089.961925941,1365.02967000705,621.897901588361,1510.64390244663,1491.93364463711,1460.39344013799,1553.96846814838,617.913917953194,701.131064780388,624.641857387092,658.367678428961,496.883286094568,524.046753639705,575.195618898747,601.32686618873,461.789995560711,1789.10172991946,83.5463942972819,53.1507290634324
445.028089000966,316.551733528492,237.928560706356,347.506834465383,0.0,299.113690760373,183.847763108611,391.203271969982,134.733069436603,480.242647001933,326.759850654566,1335.39844241299,1319.06519929749,1148.12020276582,960.421782342669,657.863967701368,570.07455652719,1269.03940049078,1233.05839277704,1329.05417496783,636.969387018783,235.983050238927,594.041244359666,643.506021727,289.233469709443,733.75745311284,572.717207703282,868.359948407683,700.315643120812,867.421466186098,390.46766831519,344.947822140448,518.514223527529,462.957881453706,601.50228594683,603.205603421474,619.267309002406,702.566722810227,447.755513645156,1196.5721875426,372.435229268253,615.922884783772,1001.0719254874,1009.76680476147,789.344664896445,411.700133592582,851.974764883783,685.895035701153,368.571566998841,645.515298037367,794.219742892539,1013.9398404242,433.973501495,686.12316678599,253.712435642495,515.693707543684,802.651231856008,579.169232607271,688.32041957197,1118.07781482236,1054.3362841135,731.194228642645,829.439569830372,1178.2652502723,554.387950806878,1459.28338577505,1432.87438388706,1399.70568334849,1464.7706305081,368.152699297469,353.782376610087,277.183423025035,436.491695224551,274.116763442427,379.770983621153,368.321870108146,447.800178651772,272.237029075761,1559.57173608653,393.970811102038,400.019999499987
457.109396097335,398.027637231741,373.460841320858,59.4138031102302,299.113690760373,0.0,170.038230995661,361.382069284952,390.530408547136,779.335614481873,625.857012423945,1572.96408096352,1553.42524763821,1306.63728708505,1106.25177965947,701.154761804175,565.602333800394,1495.4343850534,1462.94224082833,1554.66009146753,928.580098860545,424.227533289384,891.650155611231,870.9655561501,586.693275912496,913.05476287012,775.243187651736,1072.2872749408,814.369080946027,1051.09324039414,610.878056571179,622.989566525746,774.31388984156,596.359790731362,868.002304144533,874.945712601599,899.035594400991,996.596708805321,722.697723810178,1419.58092407682,627.860653330864,683.839162377839,1162.84650749818,1187.51673672404,928.707704287078,697.704808641263,1008.90534739395,880.202817537433,606.115500544913,917.89814249819,1019.60384463865,1206.01036479844,612.119269424532,926.245107950333,519.227310529837,797.717368496672,1092.93183685047,823.067433446251,857.635120550128,1316.2769465427,1259.94603059017,947.021647060907,1068.61265199423,1359.70143781688,629.784883909442,1529.48520751305,1509.45950591666,1477.53341755781,1566.7367360222,558.515362367106,652.559093109871,575.814596897528,599.1877835868,437.471141905347,466.588683960484,516.062011777677,544.180117240565,402.497204958975,1776.52497871628,98.8433103451223,105.095194942166
331.798131399238,241.960740617095,205.002439009581,196.359364431526,183.847763108611,170.038230995661,0.0,250.838593522129,233.420221917185,643.854797294879,492.686512906509,1402.92729676208,1383.42220598007,1146.65600770233,948.317457394373,571.423660693235,453.269235664555,1325.68812320204,1293.03557568955,1384.98411543256,775.098703391703,254.243977313679,747.58879071377,700.927956354525,446.658706397188,747.181370216893,605.984323229435,903.79920336279,662.191815111097,885.196023489224,440.959181784201,464.182076344737,606.864894355225,435.377996688454,702.299793535287,710.732720507139,737.804852247202,845.378021952829,560.985739569164,1249.97799980698,461.670878440961,544.217787288096,1001.54131217826,1023.14466230288,771.064848116615,542.111612124802,847.807171472,712.137627148061,437.384270407905,753.637844060939,849.633450377823,1039.35075888759,444.028152260888,756.508426920012,358.064240046138,638.463781275485,937.215556849448,653.82642956626,693.054831885786,1149.01087897323,1091.66157759583,777.344839823982,898.693496138209,1195.19077975029,486.121384018622,1397.7539125325,1375.24579621269,1342.71367014672,1423.82758787715,528.280995304568,524.059509979642,449.510678404887,587.02044257403,417.31043600664,491.082477798126,509.447740204947,567.571140915679,398.131887695294,1607.63179864087,266.760191933001,248.338478693576
98.8433103447449,138.437711624622,205.431253707616,345.011594008395,391.203271969982,361.382069284952,250.838593522129,0.0,349.824241584127,747.251630978051,615.457553369676,1307.1193518569,1283.79943916391,974.032853654723,771.078465526219,340.565705847883,206.206207471549,1217.32370386753,1190.02899124248,1274.10242916301,819.039681577819,270.835743578995,822.443311116499,628.792493592926,560.349890693289,612.209114599533,513.331277051496,785.300579395226,473.23778378267,745.656757496429,406.970514901948,517.475603289312,590.586996131814,295.462349547246,692.361899586629,710.144351522295,751.864349466758,893.111415222174,587.98384331506,1139.58983849454,474.269965315093,329.279516520754,835.957534805937,871.470596175239,596.302775442314,597.957356339145,684.377819627946,596.915404391177,429.004661979077,749.833314810709,761.215475407531,901.368958861549,353.99011285609,696.710126236187,420.773097999054,669.546114916642,964.539786633959,611.507154495395,552.254470330081,1013.5452629251,966.263421639296,682.235296653659,825.984261351331,1041.62037230407,281.64161624272,1168.17978068393,1148.47420519552,1116.68437796806,1208.95698848173,758.538865187595,652.655169289202,590.603970524975,823.930215491592,656.320043881291,739.985134986477,750.395229195975,815.493102362562,642.825792886366,1481.93657084221,428.052566866108,374.977332648551
375.170627848193,237.326778935858,152.41062955058,427.162732456448,134.733069436603,390.530408547136,233.420221917185,349.824241584127,0.0,418.456688320247,273.541587331936,1205.75702361666,1188.69508285334,1014.86403030185,829.221924456649,558.426360409569,494.242855284663,1137.12708172828,1101.69051915669,1197.0939812735,541.775783881081,118.00423721256,515.986433931014,510.283254673203,221.840032456336,599.894157330866,438.041093962876,733.753364557782,578.01124556571,732.969985743884,255.738147330502,232.572569319738,391.841804815187,343.069963710628,480.676606462298,485.785961098045,508.520402737172,611.96160010329,332.388327111822,1064.04699144445,244.182308942356,509.872533091031,867.872110394354,875.402764445972,660.366564872268,309.014562764445,719.880545646235,551.293932490063,235.104232204204,528.674758240783,661.218572032884,879.207029089719,303.433683035116,555.442166207392,129.448831589985,407.343835108187,704.467174537528,448.876374962882,555.697759578462,983.451574811697,919.966303730636,597.022612638017,699.088692514305,1043.63307728378,448.857438392457,1339.40173211798,1311.70499732263,1278.43850067169,1338.3758814327,455.611687733789,308.918710990682,242.069927913501,530.99529188085,383.537481870885,501.171627289736,473.769986385192,563.320512674769,391.900497575049,1426.64816966274,489.317892581,479.992708277329
740.738145365583,613.600847456994,542.609435966524,826.250567321687,480.242647001933,779.335614481873,643.854797294879,747.251630978051,418.456688320247,0.0,153.482898069825,1017.69347055019,1010.2880777281,1026.09989767089,894.418805705372,838.542783643182,836.369535552016,983.385987290713,942.016984984728,1040.5094905866,211.255769151842,476.593117868508,127.577427471566,477.91317203012,197.517087867672,655.219810444956,506.99309659998,694.898553747074,759.924338339124,741.766135652496,409.585155980861,242.404620417742,327.905474184818,595.970636860481,320.412234472999,298.211334459172,268.411996751112,252.192386880448,234.350165350945,925.722420599956,314.993650729565,776.556501485911,895.231813554524,868.492947581972,775.996134011339,179.25400971795,787.432536792685,589.726207659052,366.546040764358,320.538609219646,583.345523682805,840.050593714717,507.568714559679,465.491138477087,326.810342553476,206.118897726989,363.185902810736,393.634348094371,647.17385608519,914.746412946986,842.607856597429,564.979645651514,570.393723668831,1004.44213372426,728.212194349836,1464.96450468956,1430.12726706418,1397.87445788219,1415.32893703205,481.123487266246,130.632959087236,206.11174153804,547.972627053196,516.419403198282,637.169522184055,552.611979601311,654.027522356775,557.853027238731,1275.98001551805,873.742525003669,879.172906770293
621.773270573701,487.99692621995,410.290141241609,673.023773725637,326.759850654566,625.857012423945,492.686512906509,615.457553369676,273.541587331936,153.482898069825,0.0,1106.67294174929,1095.74312683172,1042.98418012926,888.379423444266,752.851246927413,727.89078851141,1059.61549630004,1019.70829162028,1118.6120864716,331.556933270493,349.656974762324,271.516113702992,487.581788010667,56.0357029044711,643.593039116612,479.279667834941,720.830770707995,706.90451971972,751.600957956286,335.876465385552,167.047897322476,330.189339622699,510.045096045558,368.001358692926,355.990168403191,348.574238864163,388.479085666738,226.612003212553,995.373799133349,248.515593072389,693.960373508691,903.157239908907,888.360850104983,747.604842146342,161.012421881471,777.136410162054,580.517010947914,291.137424595587,391.175152585746,618.990306871356,871.097009523166,430.633254637793,497.864439381546,207.696894536201,252.602454462092,495.537082366533,403.228223217985,621.630919437056,958.629229681098,887.939750207921,581.437012926201,625.499800160427,1039.37336891042,639.570168159835,1446.05670704854,1413.5193666874,1380.55785825844,1413.83344139258,388.027846938393,38.104724116655,57.4443208680284,463.600043140508,394.005076109438,521.599463190439,448.197501107941,552.131324958532,430.34521026705,1354.73244590987,720.336726816176,725.889798798357
1223.93177914456,1199.88416107577,1201.80073223512,1591.73176132151,1335.39844241299,1572.96408096352,1402.92729676208,1307.1193518569,1205.75702361666,1017.69347055019,1106.67294174929,0.0,30.886890423241,527.53862417858,651.310217945797,1079.89351326899,1209.661936245,110.43550153859,120.929731663193,92.0869154658339,809.084050022404,1148.89729741124,906.955346198948,702.037748273368,1102.67901040979,700.49196997589,802.686738398198,524.381540484139,887.324630560991,580.896720596283,962.723220869093,1000.04999875057,817.514525864112,1011.90562801041,745.184540902699,752.357627728066,759.524193163452,792.737661524399,900.641993247065,180.161039073071,962.997923154073,1041.15512773019,570.224517186275,502.095608425919,765.904693809373,955.028795376881,673.832323356913,710.22883636189,972.703449155716,715.556426844965,554.054148977767,443.649636537744,968.624798360844,650.459837345202,1081.72131346328,854.637349990675,694.172889127552,756.883082120934,760.953349424213,349.383743182534,362.414127760433,629.55381024921,506.779044554333,404.361224649709,1056.76913278149,983.691516686318,944.916927565567,928.463784969824,835.463942968335,1490.37089678998,1112.93241933184,1159.52181954451,1561.87131352094,1497.93758214423,1627.01106326964,1554.51600184685,1658.34737012527,1530.10457158956,270.416345660105,1668.56645057996,1638.62900010929
1199.78039657215,1178.06621206082,1181.60103249771,1571.34591990373,1319.06519929749,1553.42524763821,1383.42220598007,1283.79943916391,1188.69508285334,1010.2880777281,1095.74312683172,30.886890423241,0.0,496.653802965347,621.547262885216,1052.79247717653,1183.65197587758,79.8122797569718,94.3716058993112,65.9241988955322,802.905349340692,1129.63755249094,901.604125987707,682.923861056289,1090.29583141332,675.613054936068,781.488323648886,499.769947075671,860.409786089985,554.192204924448,943.85698069125,985.694678894042,802.00249376048,988.850342568671,732.258151200538,740.513335463891,749.776633404813,789.331996056473,887.099768909426,151.604749265206,946.647241583749,1014.79948758262,540.320275392193,472.60342783373,738.306169552033,942.644153431244,645.885438758296,687.16300831702,954.971203753529,704.614078768271,533.885755568499,414.956624238867,947.352099273895,633.264557668056,1065.54258478938,843.315480705928,693.000721499712,740.028377834342,736.133140131066,319.250685198934,334.332170154237,608.328858429971,489.690718718381,373.483600710921,1031.38014330254,954.505631204116,915.625469283003,898.879858490668,807.3078718804,1480.65728985378,1102.98956024015,1148.00010888443,1552.78845951345,1485.87247097408,1615.18203308488,1543.87110860863,1647.77243574463,1517.37997877847,269.683147416379,1648.64671776562,1617.8791673044
877.06898246359,908.63909226933,945.927058498918,1307.06885817056,1148.12020276582,1306.63728708505,1146.65600770233,974.032853654723,1014.86403030185,1026.09989767089,1042.98418012926,527.53862417858,496.653802965347,0.0,203.022166277963,668.674061108977,818.406378274131,418.14471179236,423.812458523611,446.534433163014,869.410144868617,918.174275395966,964.280560832455,556.057550978577,1012.92645340052,415.716249382211,582.752949370511,331.905106920884,501.048899809054,291.780739596786,763.848807029437,886.384228199485,713.849423897617,711.366291019727,706.459482207007,730.909707146051,772.077716295701,898.739116762823,818.049509504103,365.246492112047,815.90685742872,653.404162826428,147.054411698577,157.724443254986,378.963058884887,884.873437277518,299.147120995986,470.591117638221,796.068464391928,718.672387113492,446.229761445352,199.904977426676,715.805141082157,560.73612332299,921.764612035202,820.638775588452,851.070502367497,641.414842360751,460.135849505109,202.094037517351,246.789383888424,463.621612955635,482.628221304668,123.308556069685,693.087296088726,509.697949770352,469.70735570131,444.598695454598,407.491104197365,1416.70025411121,1066.19190111343,1079.40550767528,1495.30231057116,1381.03729131402,1507.28696670589,1460.29757241402,1559.94262715048,1399.071477802,570.238546575512,1390.18595878412,1344.38238607885
674.04747607207,708.655769749539,749.999999999716,1105.31669669751,960.421782342669,1106.25177965947,948.317457394373,771.078465526219,829.221924456649,894.418805705372,888.379423444266,651.310217945797,621.547262885216,203.022166277963,0.0,469.55404374744,617.612337959065,542.428797170722,533.401349829491,585.768725693567,766.876782801414,727.017193743342,852.915587850926,416.914859413553,852.217108487121,244.806045677011,411.831276130935,247.977821588824,298.026844427864,168.077363139297,585.43744328465,725.013792972235,568.869932408842,513.205611815475,585.816524177773,613.570696822936,662.324693786838,810.043208723726,670.75852584919,472.217111084141,648.90214978752,451.124151424886,81.8352002504907,150.083310197903,177.552809044358,736.785586177531,112.004464196556,308.379636162605,621.894685617199,612.104566229746,353.617024476583,214.755675128969,526.457025785827,444.127234021213,746.131355727401,689.383782808277,786.048980662059,500.800359424875,275.610232029988,302.971945896083,297.598723115507,336.762527606098,417.008393200722,287.466519790158,490.065301770315,573.447469259801,537.305313579223,505.689628131835,525.460750199755,1248.5683841896,915.506510080156,918.701066723539,1327.44303079201,1203.61538707298,1327.38087977791,1286.58656918117,1383.82260423787,1218.36981249455,749.353054308399,1188.57772148028,1142.02013992665
244.182308941466,343.656805548845,420.120220889454,685.194862794319,657.863967701368,701.154761804175,571.423660693235,340.565705847883,558.426360409569,838.542783643182,752.851246927413,1079.89351326899,1052.79247717653,668.674061108977,469.55404374744,0.0,152.013157325213,978.301589490448,959.013034321928,1029.61449096281,822.820150458265,440.959181784264,866.275937562954,508.138760576123,699.306084629494,395.303680731527,397.280757147905,565.029202784893,192.854867711539,499.23641694152,428.963867942476,599.941663831097,561.587036887543,243.8216561342,646.413180558773,673.287457183055,726.829416025595,891.744918685089,617.06563670335,901.7427571104,523.588578943546,63.3876959671516,545.206382941278,596.397518438367,315.778403315484,660.401393093863,409.648629925441,416.515305841511,472.451055666049,700.845917445797,588.932933363782,642.312229371511,331.022657835052,578.705451849551,549.29500270823,683.638062135424,927.242147446253,539.735120221175,340.587727318736,750.627071187518,719.312171452398,514.062253040027,667.026985961383,755.291996515315,113.529731788724,828.843169725058,808.322955260078,776.379417552582,869.419346460639,1013.36607896641,789.944536027856,753.430720106437,1087.45022874605,931.264194522836,1034.98647334208,1024.75460477109,1105.26105513628,929.362146851077,1213.85542796546,767.838524691483,712.360161715744
125.399362039729,258.193725717514,343.139913154905,543.955880563609,570.07455652719,565.602333800394,453.269235664555,206.206207471549,494.242855284663,836.369535552016,727.89078851141,1209.661936245,1183.65197587758,818.406378274131,617.612337959065,152.013157325213,0.0,1111.34603072086,1089.35301899742,1164.63298940063,858.676306881436,385.410171116206,885.646656404391,588.004251684797,672.075144607882,512.000976561102,469.233417394514,687.419813505055,327.995426797325,630.146808291986,439.256189483822,594.139714208657,603.522990448603,261.772802254257,699.012160122879,722.805644692612,772.782634380169,931.184729256404,635.724783219711,1033.95938024705,528.546119085159,170.299735760836,690.989146079511,738.079941469116,455.36798306487,665.980480194504,549.042803431124,518.464077829917,476.564790977896,756.373584943453,693.029580898479,779.395278404978,351.368752167951,659.993939366319,520.34699960686,711.326226143843,982.540584403655,599.561506435887,452.711828871308,889.766823386391,853.141254423397,614.420051756524,767.484853271094,901.03163096523,157.876534038539,966.832457047213,948.734947179967,917.490599406454,1016.47725011437,936.484495333211,765.974914732769,716.924438138185,1006.47901120661,842.926449934941,935.816755567339,937.431597504257,1009.53949897984,834.550178239392,1356.30269482918,625.283935504715,567.303269865193
1131.51270430294,1115.15469778836,1122.49231623197,1511.35766779353,1269.03940049078,1495.4343850534,1325.68812320204,1217.32370386753,1137.12708172828,983.385987290713,1059.61549630004,110.43550153859,79.8122797569718,418.14471179236,542.428797170722,978.301589490448,1111.34603072086,0.0,42.1900462194439,60.0333240797824,780.195488323322,1072.86206009811,880.447613432153,627.921173396862,1050.53557769243,606.515457346383,720.8897280442,432.023147528049,786.450888485395,481.203699070501,888.454838469429,941.326723300787,755.466743145087,923.337966293139,692.693294322799,703.666114005773,718.248564217152,773.855929743245,845.146141208334,77.8331548882494,897.436905859322,941.883219936576,461.033621333509,393.974618471991,663.049017794852,903.38253248465,570.01929791894,622.354400642766,902.31923397357,670.34095801964,477.212740818064,337.936384545603,886.120759264128,583.453511428887,1016.41379368828,807.198240829672,684.064324460331,690.417265137713,667.018740365904,239.760296963411,258.99034731054,548.432311227999,441.55294133218,295.29646120463,960.533705810933,884.988700492955,845.718629332267,827.754190566285,742.097028696351,1446.70225340169,1069.32678354142,1110.23567317886,1520.29273496866,1446.05843588665,1575.76552824349,1507.49195685976,1611.41925022637,1475.88888470578,295.162667016742,1589.68235820857,1557.00899162395
1105.63692051178,1085.37643239536,1090.50309490604,1479.92229525679,1233.05839277704,1462.94224082833,1293.03557568955,1190.02899124248,1101.69051915669,942.016984984728,1019.70829162028,120.929731663193,94.3716058993112,423.812458523611,533.401349829491,959.013034321928,1089.35301899742,42.1900462194439,0.0,98.954535015386,738.366440190816,1039.67158275961,838.536820896043,593.647201627373,1011.41732237369,581.302847059911,689.569430876654,405.561339380322,766.493966055397,460.131502941396,854.543152801325,903.373676835948,718.059886080724,895.281519969139,653.326870716134,663.718313744578,677.375080734428,731.689141643403,806.476286073744,61.4003257313422,861.020905668568,920.601976968318,452.994481202358,383.56746473084,644.982170295156,864.083329314007,553.000904158277,593.687628302404,867.220848457069,629.880147328624,443.549320819116,323.5567956321,855.248501897976,547.00091407485,980.024999680979,767.174686755591,641.950153827725,654.003058096937,641.830195611916,234.360832904958,241.760211780132,516.575260730584,404.278369442552,303.057750272013,937.008537847298,903.119593409427,863.52996473746,844.306224067918,764.376870398235,1406.47922487234,1028.96072325381,1070.68597170174,1479.82769267183,1407.06254303028,1536.69938504587,1467.74657212914,1571.68571921997,1437.31555338346,335.185023532532,1557.70664760709,1526.07503092005
1187.4615783259,1173.29365463244,1181.57733559897,1570.17514946583,1329.05417496783,1554.66009146753,1384.98411543256,1274.10242916301,1197.0939812735,1040.5094905866,1118.6120864716,92.0869154658339,65.9241988955322,446.534433163014,585.768725693567,1029.61449096281,1164.63298940063,60.0333240797824,98.954535015386,0.0,836.077149550749,1132.35550954598,935.970084991592,687.744865484933,1110.02207185201,662.499056603749,779.826903870664,489.048054899111,838.537417173689,534.813051448449,948.162433341888,1001.20926883511,815.437305989262,980.665590300465,752.034573673695,762.623104817059,776.240297846497,827.493202388663,904.816003395328,135.329228180372,957.470103971571,994.780377771416,503.95634731626,439.658958740312,713.897751781967,962.771000809292,620.298315329537,680.200705674541,962.251526369099,728.832628248314,536.954374225211,387.485483599201,944.818501088884,643.485819579029,1076.4464687113,866.097569560924,735.219695057158,750.450531348411,722.901099736379,283.402540567795,311.512439559616,607.646278684781,501.518693569383,323.437783816571,1015.03152660395,892.534032964851,853.915686704421,837.971956571581,743.494451895973,1505.43117079428,1127.91496576656,1169.48349710466,1578.77484145147,1505.61117158467,1635.28743650843,1566.61418351757,1670.55080736921,1535.61062773077,236.23081932739,1648.70919206555,1615.60669718828
787.09592807968,680.623978419755,628.171950981542,968.407455567735,636.969387018783,928.580098860545,775.098703391703,819.039681577819,541.775783881081,211.255769151842,331.556933270493,809.084050022404,802.905349340692,869.410144868617,766.876782801414,822.820150458265,858.676306881436,780.195488323322,738.366440190816,836.077149550749,0.0,558.37800816231,101.019800038507,363.089520642076,351.639019449256,547.987226128344,438.001141551141,540.000925925184,700.411307732983,602.536305960634,422.493786936478,313.268255653152,261.237439889452,598.464702384088,189.718212093682,160.29036153188,106.480045078898,74.0945342119893,231.086563867144,726.661544325384,344.827493102916,759.524193162925,751.678787781298,712.949507328553,682.030057988915,233.205917591348,669.830575593608,485.396744941673,392.108403378207,154.777259312043,424.623362523277,674.011869332106,507.54802728378,322.888525656138,420.138072542747,149.966662961672,165.954813127661,295.819201540237,558.8139225182,734.969387117436,663.132716731763,430.554293905314,391.800969882124,830.850768791092,723.767918603584,1339.40658502218,1302.40277948134,1271.43776882709,1271.11014471628,691.831055965768,324.719217170252,388.98284023799,759.226580145342,720.034721384595,843.995260650294,762.00590548779,864.167229186551,759.071142910216,1070.34667281286,1026.51108128442,1021.40001958031
273.016483018846,138.452157802129,69.8140387033963,446.870227247625,235.983050238927,424.227533289384,254.243977313679,270.835743578995,118.00423721256,476.593117868508,349.656974762324,1148.89729741124,1129.63755249094,918.174275395966,727.017193743342,440.959181784264,385.410171116206,1072.86206009811,1039.67158275961,1132.35550954598,558.37800816231,0.0,553.730078648623,446.860157095126,293.748191483777,507.550982659756,356.06881357332,655.247281565288,464.760153196991,644.127316607604,186.753848687809,249.20874783961,358.503835404961,227.863994523023,457.498633877069,469.524227276131,503.495779524791,631.879735392844,330.237793112342,997.627686063319,220.227155455439,391.873704144745,771.282697847552,785.076429399262,554.282418988889,330.643312347407,620.1233748206,465.896984321115,186.999999999754,511.783157206291,596.124986894521,795.342693434273,202.526541470151,502.474874993874,149.939987994895,411.732923143142,712.059688509249,400.780488546036,458.263024910001,903.062567045081,843.192148918801,525.167592297989,644.461015112704,955.816404964388,330.904820152048,1225.0273466331,1198.0338058667,1164.81758228406,1228.79005529784,573.609632067053,387.541959018647,332.775975695361,648.938363791375,499.315531503328,613.431332751386,590.620859773859,678.074479685736,504.599841458707,1356.99668385724,520.746579442271,496.556139827313
802.374600794724,684.954013055488,622.788085949648,935.757447205745,594.041244359666,891.650155611231,747.58879071377,822.443311116499,515.986433931014,127.577427471566,271.516113702992,906.955346198948,901.604125987707,964.280560832455,852.915587850926,866.275937562954,885.646656404391,880.447613432153,838.536820896043,935.970084991592,101.019800038507,553.730078648623,0.0,440.541711986301,305.013114472199,625.431850803458,498.648172562676,633.245607958967,760.992115596655,691.436909631098,446.752728027782,305.004917993671,314.238762727001,631.446751516075,267.439712832363,239.353295360296,192.626581758068,125.399362039729,250.894400097239,827.542143941929,357.962288516703,802.99688666912,842.607856597325,807.110896964629,755.810822891697,224.80213522125,752.01196798956,560.982174404619,409.428870501695,245.668475796221,518.189154653145,770.696438294372,539.957405727581,409.909746163975,406.414812722837,184.458667457097,236.68544526398,364.373434816138,629.248758441407,834.535199975692,762.548359121498,516.358402662354,490.294809272987,929.449299316263,761.428263200318,1426.34813422237,1389.94820047354,1358.53781691892,1363.37522348004,605.301420781607,255.130887977725,327.550988397839,669.54462136649,643.960402510054,764.105359228596,678.315560782726,778.832459519835,685.416661601317,1169.69782422613,987.802611862131,988.896860142952
560.508697523431,507.764709289333,500.977045382144,890.88102460366,643.506021727,870.9655561501,700.927956354525,628.792493592926,510.283254673203,477.91317203012,487.581788010667,702.037748273368,682.923861056289,556.057550978577,416.914859413553,508.138760576123,588.004251684797,627.921173396862,593.647201627373,687.744865484933,363.089520642076,446.860157095126,440.541711986301,0.0,460.716832771521,185.310550158101,119.50313803386,235.459125964567,352.320876474757,266.11275805645,260.969346858746,336.804097362376,157.800506969036,340.708086196125,174.255559452238,203.442866672742,256.63982543646,418.535542099,262.001908389671,554.044222062796,277.027074488191,448.705917054168,419.362611590702,400.795459056016,319.081494292713,328.81757860488,312.29633363196,122.376468326053,275.181758115521,213.845738793189,151.000000001034,386.16317794474,276.001811587505,72.0069441102768,394.068521960189,272.484861964359,428.95337742037,85.6329375885623,199.010049997415,481.499740394405,414.276477729548,94.3663075475786,200.024998438771,554.765716316817,432.677709154917,989.238090653817,953.721657508345,921.77437586419,937.810748499087,867.102998494784,510.146224135455,526.566472536501,945.033861826684,843.696627941214,972.807277933436,916.465493075552,1018.57793025378,867.710205079324,916.368921342023,966.85934861259,938.724666767904
565.743758250992,432.140023603667,355.012675830267,631.53543051882,289.233469709443,586.693275912496,446.658706397188,560.349890693289,221.840032456336,197.517087867672,56.0357029044711,1102.67901040979,1090.29583141332,1012.92645340052,852.217108487121,699.306084629494,672.075144607882,1050.53557769243,1011.41732237369,1110.02207185201,351.639019449256,293.748191483777,305.013114472199,460.716832771521,0.0,607.664381051444,440.882070399158,695.865647951164,659.643843296972,721.146309704105,287.605632767611,127.283148922866,306.080054887634,457.27234773151,358.230372803986,350.515334898746,351.846557463882,414.545534290167,206.729291586097,984.018800633221,205.299780808236,641.021840501554,871.043626920457,860.07034595902,706.136672323364,147.665161767851,740.443785846488,546.058604912729,243.526179290702,389.00128534476,598.562444528392,846.584904187995,380.190741601757,478.490334280618,152.190669884686,250.127967248541,517.521980209171,378.630426668286,581.952747222234,937.960553540298,868.228656517407,555.079273617544,611.942807785013,1015.19702521173,585.875413377068,1404.68501807294,1372.79459497731,1339.71340218634,1377.17573315767,406.593666945563,94.110413876554,66.6201921347707,484.339756782933,395.701908007316,525.28278098695,459.583507101939,563.042627161861,427.566369117649,1345.5764563929,682.806707642123,684.625445042985
525.023808983392,519.466072038957,542.706182017243,921.303967210983,733.75745311284,913.05476287012,747.181370216893,612.209114599533,599.894157330866,655.219810444956,643.593039116612,700.49196997589,675.613054936068,415.716249382211,244.806045677011,395.303680731527,512.000976561102,606.515457346383,581.302847059911,662.499056603749,547.987226128344,507.550982659756,625.431850803458,185.310550158101,607.664381051444,0.0,168.656455553414,176.207264322446,208.33146665819,138.057958844554,348.173807170771,480.405037442328,327.562207831367,321.885072656895,359.562233834182,388.711975632125,441.51104176436,601.06572020016,427.603788570195,528.682324275215,405.250539788969,347.506834464283,269.26752496401,277.540987963951,137.058381721255,493.089241415085,133.794618726083,65.5133574163475,381.424959853578,396.547601177588,199.06029237422,293.383707796401,305.635403707639,233.4202219171,506.882629412095,452.835510974372,600.040831943992,263.433103462758,60.5392434700888,404.694946842702,354.153921339336,135.517526541932,278.65749586229,448.763857725345,356.855713138477,809.93086124729,775.505641501626,743.058544127068,770.242169710779,1006.18706511174,670.973896660174,674.206681959769,1085.02764941661,966.074531285775,1091.81775035945,1046.75737398777,1145.49770842185,983.459709392493,871.013203115526,1002.54326589901,963.667992619053
442.001131220023,397.839163481922,401.876846807741,790.496046795624,572.717207703282,775.243187651736,605.984323229435,513.331277051496,438.041093962876,506.99309659998,479.279667834941,802.686738398198,781.488323648886,582.752949370511,411.831276130935,397.280757147905,469.233417394514,720.8897280442,689.569430876654,779.826903870664,438.001141551141,356.06881357332,498.648172562676,119.50313803386,440.882070399158,168.656455553414,0.0,299.202272718333,263.007604452845,295.677188840164,182.849665025827,313.984076029768,184.83506160873,222.00225224024,252.907097567543,281.204551883532,336.007440393896,502.439051030342,273.265438722115,644.599100217279,237.075937201131,335.93154064443,437.120120790595,438.298984712076,270.739727413997,335.490685414504,299.873306581042,113.529731788724,213.321353829869,305.006557306802,249.899979992643,441.589175592195,165.939748101108,191.175312214212,339.011799204884,315.792653492704,530.360254921496,144.533733086982,142.800560223128,547.668695471591,487.124214138128,173.17043627671,312.69314031563,605.615389500796,315.145997911783,967.512790613175,934.542668902962,901.661244592157,936.338613964032,837.587971498686,508.525682733904,507.216571101419,916.438759546772,798.288794860573,924.688596231638,878.29038478111,977.368917042421,816.726392373483,1001.73898796096,868.893549291396,836.510011894204
700.092136792926,685.409366728805,698.979971100613,1084.69811468384,868.359948407683,1072.2872749408,903.79920336279,785.300579395226,733.753364557782,694.898553747074,720.830770707995,524.381540484139,499.769947075671,331.905106920884,247.977821588824,565.029202784893,687.419813505055,432.023147528049,405.561339380322,489.048054899111,540.000925925184,655.247281565288,633.245607958967,235.459125964567,695.865647951164,176.207264322446,299.202272718333,0.0,373.064337614531,86.1220064789603,478.301160358029,572.255187831566,390.847796461927,491.635027229621,374.790608206648,399.011278036073,440.732345080338,574.686871260897,494.259041393915,354.302130957033,510.087247438214,521.033588167768,214.037379913105,174.229733398131,265.514594701726,560.528322209659,191.128229207472,192.50194804159,501.334219856581,387.60417954342,115.377640814224,150.734866570907,460.184745509197,229.45587811075,624.577457165923,490.156097584532,541.202365109398,317.804971641633,236.596703273196,249.729854042213,187.999999999988,141.315250414588,169.331036729729,319.355601172576,532.962475226302,806.290890436171,768.158837741422,738.32580884047,731.125160283995,1102.39439856988,741.406346074427,761.456794571628,1180.19744110839,1078.2954140676,1207.08119031006,1151.85068476681,1253.81497837603,1101.23748573979,704.486337696604,1164.49559896102,1128.97519901827
376.021275993767,420.267771783812,473.159592527024,810.237619467153,700.315643120812,814.369080946027,662.191815111097,473.23778378267,578.01124556571,759.924338339124,706.90451971972,887.324630560991,860.409786089985,501.048899809054,298.026844427864,192.854867711539,327.995426797325,786.450888485395,766.493966055397,838.537417173689,700.411307732983,464.760153196991,760.992115596655,352.320876474757,659.643843296972,208.33146665819,263.007604452845,373.064337614531,0.0,306.49306680628,372.060478955,541.17002873453,446.753847213295,237.45315327417,513.062374375784,542.00830251952,597.007537640992,763.147430055551,526.240439343169,709.606228834493,459.305998218979,157.80050696934,366.154339042783,410.249923826338,127.612695293903,582.41651762299,221.054291973325,242.392244100605,416.227101472102,561.57279136384,406.636201044887,452.039821254779,284.627827170946,417.421848973099,525.056187469812,577.208801041752,781.227879687171,405.004938241801,160.850862602713,561.914584255936,527.538624177955,336.810035480373,486.032920696133,575.208657792941,192.041662146358,761.536604504219,733.706344527641,700.447000135845,766.35305179784,1024.61417616567,740.672241953364,722.136586803419,1102.37969865193,961.4291445553,1078.01669745943,1050.52605869601,1141.32948792238,969.002063981128,1028.38222466202,893.718635813643,845.488024752377
